1;200;1000;TTL;60000;25
1;200;1000;TTL;60000;50
1;200;1000;TTL;60000;100
1;200;1000;TTL;60000;125
1;200;1000;TTL;60000;150
1;200;1000;TTL;60000;200
1;200;1000;TTL;60000;225
1;200;1000;TTL;60000;250
1;200;1000;TTL;60000;300
1;200;1000;TTL;90000;25
1;200;1000;TTL;90000;50
1;200;1000;TTL;90000;100
1;200;1000;TTL;90000;125
1;200;1000;TTL;90000;150
1;200;1000;TTL;90000;200
1;200;1000;TTL;90000;225
1;200;1000;TTL;90000;250
1;200;1000;TTL;90000;300
1;200;1000;TTL;120000;25
1;200;1000;TTL;120000;50
1;200;1000;TTL;120000;100
1;200;1000;TTL;120000;125
1;200;1000;TTL;120000;150
1;200;1000;TTL;120000;200
1;200;1000;TTL;120000;225
1;200;1000;TTL;120000;250
1;200;1000;TTL;120000;300
1;200;1000;TTL;180000;25
1;200;1000;TTL;180000;50
1;200;1000;TTL;180000;100
1;200;1000;TTL;180000;125
1;200;1000;TTL;180000;150
1;200;1000;TTL;180000;200
1;200;1000;TTL;180000;225
1;200;1000;TTL;180000;250
1;200;1000;TTL;180000;300
1;200;1000;TTL;360000;25
1;200;1000;TTL;360000;50
1;200;1000;TTL;360000;100
1;200;1000;TTL;360000;125
1;200;1000;TTL;360000;150
1;200;1000;TTL;360000;200
1;200;1000;TTL;360000;225
1;200;1000;TTL;360000;250
1;200;1000;TTL;360000;300