1;200;600;TTL;5000;10
1;100;600;TTL;5000;25
1;100;500;TTL;5000;50
1;100;500;TTL;3000;10
1;100;500;TTL;3000;25
1;100;500;TTL;3000;50
1;100;500;TTL;7000;10
1;100;500;TTL;7000;25
1;100;500;TTL;7000;50
1;100;500;TTL;15000;10
1;100;500;TTL;15000;25
1;100;500;TTL;15000;50
1;100;500;TTL;20000;10
1;100;500;TTL;20000;25
1;100;500;TTL;20000;50
1;100;500;TTL;1000;100
1;100;500;TTL;1000;200
1;100;500;TTL;1000;300
1;100;500;TTL;3000;100
1;100;500;TTL;3000;200
1;100;500;TTL;3000;300
1;100;500;TTL;7000;100
1;100;500;TTL;7000;200
1;100;500;TTL;7000;300
1;100;500;TTL;15000;100
1;100;500;TTL;15000;200
1;100;500;TTL;15000;300
1;100;500;TTL;20000;100
1;100;500;TTL;20000;200
1;100;500;TTL;20000;300