1;200;1000;CFM;0;25
1;200;1000;CFM;0;50
1;200;1000;CFM;0;100
1;200;1000;CFM;0;125
1;200;1000;CFM;0;150
1;200;1000;CFM;0;200
1;200;1000;CFM;0;225
1;200;1000;CFM;0;250
1;200;1000;CFM;0;300
1;200;1000;CFM;0;325
1;200;1000;CFM;0;350
1;200;1000;CFM;0;400
1;200;1000;CFM;0;425
1;200;1000;CFM;0;450
1;200;1000;CFM;0;500
1;200;1000;CFM;0;525
1;200;1000;CFM;0;550
1;200;1000;CFM;0;600
1;200;1500;CFM;0;25
1;200;1500;CFM;0;50
1;200;1500;CFM;0;100
1;200;1500;CFM;0;125
1;200;1500;CFM;0;150
1;200;1500;CFM;0;200
1;200;1500;CFM;0;225
1;200;1500;CFM;0;250
1;200;1500;CFM;0;300
1;200;1500;CFM;0;325
1;200;1500;CFM;0;350
1;200;1500;CFM;0;400
1;200;1500;CFM;0;425
1;200;1500;CFM;0;450
1;200;1500;CFM;0;500
1;200;1500;CFM;0;525
1;200;1500;CFM;0;550
1;200;1500;CFM;0;600

